vocab_size,cit_as_vocab,target,text_span,max_docs,max_cit_count,klist,partition,n,model,features,n_svm,max_docs,recall_1,recall_5,recall_20
29665,True,cit_idx,50,10,10,1|5|20,1-6,149589,simple,,100,10,14.938264177178803,31.610613079838757,45.016679033886184
29665,True,cit_idx,50,10,10,1|5|20,2-6,153636,simple,,100,10,14.793407795048036,31.403447108750555,44.75773907157177
29665,True,cit_idx,50,10,10,1|5|20,3-6,155670,simple,,100,10,14.622599087813965,31.114537161945137,44.52559902357551
29665,True,cit_idx,50,10,10,1|5|20,4-6,151326,simple,,100,10,14.813052614884423,31.38654296023155,44.74181568269828
29665,True,cit_idx,50,10,10,1|5|20,5-6,153052,simple,,100,10,14.832867260800251,31.699683767608395,45.208817918093196
29665,True,cit_idx,50,10,10,1|5|20,6-6,150052,simple,,100,10,14.966145069709166,31.85962199770746,45.14168421613841
29665,True,cit_idx,50,50,10,1|5|20,1-6,149589,simple,,100,50,17.080132897472406,39.73420505518454,60.91824933651539
29665,True,cit_idx,50,50,10,1|5|20,2-6,153636,simple,,100,50,17.046785909552447,39.622874847041054,60.62251034913692
29665,True,cit_idx,50,50,10,1|5|20,3-6,155670,simple,,100,50,16.658958052290103,39.16168818654847,60.12205306096229
29665,True,cit_idx,50,50,10,1|5|20,4-6,151326,simple,,100,50,16.87813065831384,39.3719519448079,60.31878196740811
29665,True,cit_idx,50,50,10,1|5|20,5-6,153052,simple,,100,50,16.868123252228003,39.403601390377126,60.65912238977602
29665,True,cit_idx,50,50,10,1|5|20,6-6,150052,simple,,100,50,17.031429104577082,39.582944579212544,60.62498333910911
29665,True,cit_idx,50,100,10,1|5|20,1-6,149589,simple,,100,100,17.832862041995067,42.560616088081346,65.82636423801216
29665,True,cit_idx,50,100,10,1|5|20,2-6,153636,simple,,100,100,17.9306933270848,42.968444895727565,65.58423806920253
29665,True,cit_idx,50,100,10,1|5|20,3-6,155670,simple,,100,100,17.709899145628576,42.847048243078305,65.52193743174665
29665,True,cit_idx,50,100,10,1|5|20,4-6,151326,simple,,100,100,17.99162073933098,42.584222142923224,65.24655379776112
29665,True,cit_idx,50,100,10,1|5|20,5-6,153052,simple,,100,100,17.761937119410394,42.75997700128061,65.71949402817343
29665,True,cit_idx,50,100,10,1|5|20,6-6,150052,simple,,100,100,18.056407112201104,42.777170580865295,65.66190387332391
29665,True,cit_idx,50,500,10,1|5|20,1-6,149589,simple,,100,500,19.21732212930095,45.09422484273576,71.7947175260213
29665,True,cit_idx,50,500,10,1|5|20,2-6,153636,simple,,100,500,19.30927647166029,45.36957483923039,71.94017027259237
29665,True,cit_idx,50,500,10,1|5|20,3-6,155670,simple,,100,500,19.132780882636347,45.19496370527398,71.70553093081519
29665,True,cit_idx,50,500,10,1|5|20,4-6,151326,simple,,100,500,19.48376353039134,45.48260047843728,71.67505914383516
29665,True,cit_idx,50,500,10,1|5|20,5-6,153052,simple,,100,500,19.10853827457335,45.23495282649034,71.93829548127434
29665,True,cit_idx,50,500,10,1|5|20,6-6,150052,simple,,100,500,19.517234025537814,45.285634313438,71.69381281155866
29665,True,cit_idx,50,1000,10,1|5|20,1-6,149589,simple,,100,1000,18.294125904979644,43.72380322082506,70.67966227463249
29665,True,cit_idx,50,1000,10,1|5|20,2-6,153636,simple,,100,1000,18.378505037881744,44.111406180843034,70.81543388268375
29665,True,cit_idx,50,1000,10,1|5|20,3-6,155670,simple,,100,1000,18.16599216290872,43.93332048564271,70.64431168497462
29665,True,cit_idx,50,1000,10,1|5|20,4-6,151326,simple,,100,1000,18.330623950940353,44.03605461057584,70.66730105864161
29665,True,cit_idx,50,1000,10,1|5|20,5-6,153052,simple,,100,1000,18.06510205681729,43.65901785014243,70.58189373546246
29665,True,cit_idx,50,1000,10,1|5|20,6-6,150052,simple,,100,1000,18.375629781675688,43.93543571561859,70.56820302295205
29665,True,cit_idx,50,5000,10,1|5|20,1-6,149589,simple,,100,5000,14.807238500157096,41.010368409441874,69.11738162565429
29665,True,cit_idx,50,5000,10,1|5|20,2-6,153636,simple,,100,5000,15.01666276133198,41.565778853914445,69.53253143794423
29665,True,cit_idx,50,5000,10,1|5|20,3-6,155670,simple,,100,5000,14.815314447228111,41.24301406822124,69.60236397507548
29665,True,cit_idx,50,5000,10,1|5|20,4-6,151326,simple,,100,5000,15.043680530774619,41.35574851644793,69.36944080990709
29665,True,cit_idx,50,5000,10,1|5|20,5-6,153052,simple,,100,5000,14.778637325876174,40.81553981653294,69.16472832762722
29665,True,cit_idx,50,5000,10,1|5|20,6-6,150052,simple,,100,5000,15.058113187428358,41.35832911257431,69.40527283874923
29665,True,cit_idx,50,10000,10,1|5|20,1-6,149589,simple,,100,10000,14.23099292060245,39.86188824044549,68.39206091356985
29665,True,cit_idx,50,10000,10,1|5|20,2-6,153636,simple,,100,10000,14.33322919107501,40.243172173188576,68.7644822827983
29665,True,cit_idx,50,10000,10,1|5|20,3-6,155670,simple,,100,10000,14.131817305839276,39.96466885077407,68.86940322477034
29665,True,cit_idx,50,10000,10,1|5|20,4-6,151326,simple,,100,10000,14.390124631590076,40.05920991766121,68.63989003872433
29665,True,cit_idx,50,10000,10,1|5|20,5-6,153052,simple,,100,10000,14.248752058124037,39.727674254501736,68.2023103259023
29665,True,cit_idx,50,10000,10,1|5|20,6-6,150052,simple,,100,10000,14.431663689920827,40.18007090875163,68.6362061152134
29665,True,cit_idx,50,50000,10,1|5|20,1-6,149589,simple,,100,50000,15.631496968359974,41.55318907138894,68.93020208705185
29665,True,cit_idx,50,50000,10,1|5|20,2-6,153636,simple,,100,50000,15.682522325496628,41.91270275195917,69.20448332422089
29665,True,cit_idx,50,50000,10,1|5|20,3-6,155670,simple,,100,50000,15.535427506905632,41.812166763024344,69.32356908845635
29665,True,cit_idx,50,50000,10,1|5|20,4-6,151326,simple,,100,50000,15.792395226200389,41.823612597967305,69.15269021846873
29665,True,cit_idx,50,50000,10,1|5|20,5-6,153052,simple,,100,50000,15.533282805843765,41.44865797245381,68.92232705224369
29665,True,cit_idx,50,50000,10,1|5|20,6-6,150052,simple,,100,50000,15.761202783035214,41.731533068536244,69.12936848559166
