vocab_size,cit_as_vocab,target,text_span,max_docs,max_cit_count,klist,partition,n,model,features,n_svm,max_cit_count,recall_1,recall_5,recall_20
29665,True,cit_idx,50,100,10,1|5|20,1-6,28442,simple,,100,10,15.645875817453062,37.27585964418817,58.70191969622389
29665,True,cit_idx,50,100,10,1|5|20,2-6,27490,simple,,100,10,16.009457984721717,37.7882866496908,59.04692615496544
29665,True,cit_idx,50,100,10,1|5|20,3-6,28532,simple,,100,10,15.635076405439507,37.68750876209169,58.75508201317818
29665,True,cit_idx,50,100,10,1|5|20,4-6,28300,simple,,100,10,15.3886925795053,37.49116607773851,58.63957597173145
29665,True,cit_idx,50,100,10,1|5|20,5-6,26695,simple,,100,10,15.879378160704253,37.81981644502716,58.64019479303241
29665,True,cit_idx,50,100,10,1|5|20,6-6,28429,simple,,100,10,15.930915614337474,37.883850997221145,59.40412958598614
29665,True,cit_idx,50,100,20,1|5|20,1-6,28442,simple,,100,20,17.889037339146334,40.12376063567963,63.26910906406019
29665,True,cit_idx,50,100,20,1|5|20,2-6,27490,simple,,100,20,18.559476173153875,41.29501636958894,64.11058566751547
29665,True,cit_idx,50,100,20,1|5|20,3-6,28532,simple,,100,20,17.65386233001542,40.056778354128696,63.38847609701388
29665,True,cit_idx,50,100,20,1|5|20,4-6,28300,simple,,100,20,17.7773851590106,40.56183745583039,63.82332155477032
29665,True,cit_idx,50,100,20,1|5|20,5-6,26695,simple,,100,20,18.72260722981832,40.98894924143098,63.682337516388834
29665,True,cit_idx,50,100,20,1|5|20,6-6,28429,simple,,100,20,18.125857399134688,40.99686939392873,64.22666994969926
29665,True,cit_idx,50,100,50,1|5|20,1-6,28442,simple,,100,50,17.21397932634836,42.32473103157302,67.47415793544758
29665,True,cit_idx,50,100,50,1|5|20,2-6,27490,simple,,100,50,17.74463441251364,43.46671516915242,67.70098217533649
29665,True,cit_idx,50,100,50,1|5|20,3-6,28532,simple,,100,50,16.980933688490115,42.24379643908594,67.58727043319782
29665,True,cit_idx,50,100,50,1|5|20,4-6,28300,simple,,100,50,16.731448763250885,42.551236749116605,67.67491166077738
29665,True,cit_idx,50,100,50,1|5|20,5-6,26695,simple,,100,50,17.932197040644315,42.921895486046076,67.5220078666417
29665,True,cit_idx,50,100,50,1|5|20,6-6,28429,simple,,100,50,17.411797812093287,43.117942945583735,68.31052798199022
29665,True,cit_idx,50,100,100,1|5|20,1-6,28442,simple,,100,100,17.02060333309894,42.68335560087195,68.69418465649392
29665,True,cit_idx,50,100,100,1|5|20,2-6,27490,simple,,100,100,17.58821389596217,43.88141142233539,69.33066569661696
29665,True,cit_idx,50,100,100,1|5|20,3-6,28532,simple,,100,100,16.837235384831068,42.97981214075424,68.90158418617692
29665,True,cit_idx,50,100,100,1|5|20,4-6,28300,simple,,100,100,16.70671378091873,42.84452296819788,69.0530035335689
29665,True,cit_idx,50,100,100,1|5|20,5-6,26695,simple,,100,100,17.744896047949055,43.68982955609665,68.84060685521634
29665,True,cit_idx,50,100,100,1|5|20,6-6,28429,simple,,100,100,17.07411446058602,43.73351155510218,69.65422631819621
29665,True,cit_idx,50,100,500,1|5|20,1-6,28442,simple,,100,500,17.024119260248927,43.045496097320864,70.39589339708881
29665,True,cit_idx,50,100,500,1|5|20,2-6,27490,simple,,100,500,17.74463441251364,44.24518006547836,70.7493634048745
29665,True,cit_idx,50,100,500,1|5|20,3-6,28532,simple,,100,500,16.802187018084958,43.42492639842983,70.56988644329174
29665,True,cit_idx,50,100,500,1|5|20,4-6,28300,simple,,100,500,16.50530035335689,43.473498233215544,70.91872791519435
29665,True,cit_idx,50,100,500,1|5|20,5-6,26695,simple,,100,500,17.759880127364674,43.925828806892675,70.6087282262596
29665,True,cit_idx,50,100,500,1|5|20,6-6,28429,simple,,100,500,17.295719160012663,44.148580674663194,71.04717014316367
29665,True,cit_idx,50,100,1000,1|5|20,1-6,28442,simple,,100,1000,17.052246677448842,42.65874411082202,70.62091273468813
29665,True,cit_idx,50,100,1000,1|5|20,2-6,27490,simple,,100,1000,17.610040014550744,43.699527100763916,71.11313204801746
29665,True,cit_idx,50,100,1000,1|5|20,3-6,28532,simple,,100,1000,16.886303098275622,42.78354128697603,70.64699285013319
29665,True,cit_idx,50,100,1000,1|5|20,4-6,28300,simple,,100,1000,16.62897526501767,42.90459363957597,71.15901060070672
29665,True,cit_idx,50,100,1000,1|5|20,5-6,26695,simple,,100,1000,17.66997565087095,43.31148155085222,70.76606106012362
29665,True,cit_idx,50,100,1000,1|5|20,6-6,28429,simple,,100,1000,17.313306834570334,43.712406345632985,71.09993316683668
