vocab_size,cit_as_vocab,target,text_span,max_docs,max_cit_count,klist,partition,n,model,features,n_svm,max_cit_count,cit_2-F1,cit_2-P,cit_2-R,cit_3-F1,cit_3-P,cit_3-R,cit_4-F1,cit_4-P,cit_4-R,Macro-F1
29665,True,cit_class,50,100,10,1|5|20,1-6,28133,simple,,2000,10,43.1702404928326,40.043956043956044,46.82600873811359,50.25157808068795,43.10940197771151,60.23026315789474,29.813948179431566,41.51963121920203,23.257056361855575,41.0785889176507
29665,True,cit_class,50,100,10,1|5|20,2-6,27353,simple,,2000,10,44.30326132994494,40.969113697403756,48.2281649321565,50.42829114226922,43.51668318467129,59.94993742177722,31.952320333294757,43.762878427643045,25.16176068531851,42.2279576018363
29665,True,cit_class,50,100,10,1|5|20,3-6,28393,simple,,2000,10,43.63042463835745,40.647755678730576,47.08548407402745,50.193648334624314,43.05816135084427,60.163844893500816,30.675332014693417,42.40625,24.028331119964584,41.49980166255839
29665,True,cit_class,50,100,10,1|5|20,4-6,27378,simple,,2000,10,43.580492659865634,41.07645403377111,46.409644939056705,50.13583138173302,43.02942595272552,60.05385996409336,32.39469128678592,43.777292576419214,25.70983696647738,42.037005109461525
29665,True,cit_class,50,100,10,1|5|20,5-6,28125,simple,,2000,10,44.08705010163817,42.233676975945016,46.110555277638824,50.07060538422994,42.723880597014926,60.4686984266696,31.4381651584998,42.29061399479406,25.018115942028984,41.86527354812264
29665,True,cit_class,50,100,10,1|5|20,6-6,27570,simple,,2000,10,43.324436720253246,41.06848670275359,45.84263759358991,50.19840364880274,42.42868157286045,61.45170295924065,29.96959775491113,42.002622091117665,23.29576440647155,41.164146041322375
29665,True,cit_class,50,100,50,1|5|20,1-6,28133,simple,,2000,50,40.83342899781885,36.898340248962654,45.70804420457466,41.96197299531551,42.18282548476454,41.74342105263158,45.41282187545292,49.64089564850021,41.84845516872941,42.736074622862425
29665,True,cit_class,50,100,50,1|5|20,2-6,27353,simple,,2000,50,41.32604562737642,37.63661941348339,45.81741536029509,43.40998317442513,42.80499944696383,44.03231311867107,44.62183196966674,49.29996692757138,40.75457942221817,43.11928692382276
29665,True,cit_class,50,100,50,1|5|20,3-6,28393,simple,,2000,50,42.483843776341665,38.36784409257004,47.5890721389903,42.51007735047391,42.39921764641964,42.62151829601311,45.51931372073862,50.289141143713856,41.5759185480301,43.5044116158514
29665,True,cit_class,50,100,50,1|5|20,4-6,27378,simple,,2000,50,40.60213006485393,36.850631817690896,45.20402755696873,43.63518478495786,42.08003334722801,45.309694793536806,43.794043516280034,49.947201689545935,38.990657629602495,42.677119455363936
29665,True,cit_class,50,100,50,1|5|20,5-6,28125,simple,,2000,50,42.04062894525423,38.844114528101805,45.8104052026013,43.35468590192173,42.443086003372684,44.306304323908016,44.58932187484566,49.027913544042576,40.88768115942029,43.32821224067387
29665,True,cit_class,50,100,50,1|5|20,6-6,27570,simple,,2000,50,41.73810227608631,37.948828208987315,46.36805464337318,43.50881045177581,42.78773483049017,44.25460636515913,45.20191923230707,50.210970464135016,41.101617887656786,43.48294398672306
29665,True,cit_class,50,100,100,1|5|20,1-6,28133,simple,,2000,100,54.350098733883144,49.586689275116576,60.125931637111286,54.11234192726203,48.927495124977845,60.526315789473685,44.749544138152956,56.264329062710715,37.14718190722108,51.07066159976605
29665,True,cit_class,50,100,100,1|5|20,2-6,27353,simple,,2000,100,56.51887752049303,51.775926331944746,62.218416545909626,54.899207702336774,49.080964762844076,62.28239845261122,45.74815799678687,58.33568804747104,37.62872505240134,52.38874773987222
29665,True,cit_class,50,100,100,1|5|20,3-6,28393,simple,,2000,100,55.58335757928426,51.67712616316814,60.128414956565535,54.09407665505226,48.56199496046572,61.048607318405246,44.82230553942018,55.53520020936927,37.574147853032315,51.4999132579189
29665,True,cit_class,50,100,100,1|5|20,4-6,27378,simple,,2000,100,55.058566486617714,50.80076156344495,60.095389507154216,53.52554375316135,48.72904770675999,59.369389587073606,46.13971581392837,56.25082334343301,39.10972705623741,51.57460868456914
29665,True,cit_class,50,100,100,1|5|20,5-6,28125,simple,,2000,100,55.51938781337445,51.087756174461376,60.79289644822411,53.643072960523064,48.78378378378378,59.577511277368245,44.17250673854447,54.55392809587217,37.11050724637681,51.11165583748067
29665,True,cit_class,50,100,100,1|5|20,6-6,27570,simple,,2000,100,54.756630545411,50.30803080308031,60.06830421647182,53.993993993994,48.925170068027214,60.23450586264657,45.05607628542017,55.774647887323944,37.793128522086896,51.26890027494173
29665,True,cit_class,50,100,500,1|5|20,1-6,28133,simple,,2000,500,59.46533640317217,59.19276801629743,59.74042662554613,58.83642341766371,50.41477539521052,70.6359649122807,47.202647875293614,58.938808158912146,39.36425963850058,55.168135898709835
29665,True,cit_class,50,100,500,1|5|20,2-6,27353,simple,,2000,500,61.09881525842989,60.391198044009776,61.823211698063496,59.21881562368752,50.19778481012658,72.19251336898395,47.077867708624055,60.74618265629501,38.43069352045931,55.79849953024715
29665,True,cit_class,50,100,500,1|5|20,3-6,28393,simple,,2000,500,59.7927786499215,59.6467050864445,59.93956943220445,58.827229835991915,49.969465648854964,71.50191152375751,47.103085026335584,59.93708111065518,38.79592740150509,55.241031170749665
29665,True,cit_class,50,100,500,1|5|20,4-6,27378,simple,,2000,500,59.47330399947462,58.966011199374925,59.98940116587176,59.34395501405811,50.94946894110074,71.05026929982047,47.68816317554566,59.64791638014029,39.72339256274043,55.50180739635946
29665,True,cit_class,50,100,500,1|5|20,5-6,28125,simple,,2000,500,60.402266641758516,60.15130844598785,60.65532766383191,59.321339102710084,50.6140214518887,71.64704587963472,46.54529502083791,58.97720956086715,38.44202898550725,55.42296692176884
29665,True,cit_class,50,100,500,1|5|20,6-6,27570,simple,,2000,500,59.58226936423754,59.39947780678851,59.76618941284645,58.96642497575393,50.27563395810364,71.28978224455611,47.490941034369165,59.969495285635055,39.311034357389566,55.34654512478688
29665,True,cit_class,50,100,1000,1|5|20,1-6,28133,simple,,2000,1000,63.20561941251596,62.82051282051282,63.59547674119763,59.572045357498695,52.504808898553144,68.83771929824562,50.949869424957754,59.95420583273078,44.29703499243166,57.909178064990805
29665,True,cit_class,50,100,1000,1|5|20,2-6,27353,simple,,2000,1000,64.38150062144305,63.942307692307686,64.82676854169411,60.28119507908612,52.7917913638307,70.24689953350779,51.36519672564034,61.077618688771665,44.31787113824843,58.6759641420565
29665,True,cit_class,50,100,1000,1|5|20,3-6,28393,simple,,2000,1000,63.44180225281601,63.07079756127908,63.817197532418476,60.13538924407671,52.78534290666006,69.86346258874931,51.72519709224941,61.31812113120524,44.72775564409031,58.43412952971405
29665,True,cit_class,50,100,1000,1|5|20,4-6,27378,simple,,2000,1000,63.10110563474091,63.44762925261184,62.75834658187599,60.272253330758836,52.88885123686886,70.05161579892281,51.087984862819305,59.94079921065614,44.513647188129696,58.15378127610635
29665,True,cit_class,50,100,1000,1|5|20,5-6,28125,simple,,2000,1000,63.888192529456006,64.03266331658291,63.744372186093045,60.15996952961342,53.025597985732276,69.51259764550556,50.959046137895285,59.57575757575757,44.51992753623188,58.335736065654906
29665,True,cit_class,50,100,1000,1|5|20,6-6,27570,simple,,2000,1000,63.569650111387766,63.42005490913844,63.71995271246552,60.53873659117997,52.82029950083194,70.89893914014517,50.796169920118494,60.76446019491204,43.637520450827125,58.30151887422875
29665,True,cit_class,50,100,5000,1|5|20,1-6,28133,simple,,2000,5000,69.38903525279136,67.78186274509804,71.07427396556155,63.79163914315373,55.98807354646348,74.12280701754386,56.77992681651856,68.75553867578175,48.35722553646158,63.32020040415455
29665,True,cit_class,50,100,5000,1|5|20,2-6,27353,simple,,2000,5000,70.52415737536846,68.65876481597006,72.4937425899091,64.3088997626084,55.99898751265609,75.51484810558652,56.406089170594285,69.54314720812182,47.44372550806525,63.74638210285705
29665,True,cit_class,50,100,5000,1|5|20,3-6,28393,simple,,2000,5000,70.19048202364182,68.34446564885496,72.13899030592975,64.18388669607617,55.82390953150242,75.48880393227745,55.66476432043966,69.03919255472539,46.631252766710936,63.34637768005255
29665,True,cit_class,50,100,5000,1|5|20,4-6,27378,simple,,2000,5000,69.6317427385892,68.18181818181817,71.14467408585055,64.27233879099246,56.172891313470416,75.10098743267505,56.871115914617675,69.35547647291419,48.19564022714783,63.59173248139979
29665,True,cit_class,50,100,5000,1|5|20,5-6,28125,simple,,2000,5000,69.71736204576044,68.23952095808383,71.26063031515758,64.71171554044483,56.684315023163464,75.38783144460336,56.19693490681903,68.4532327305841,47.66304347826087,63.54200416434143
29665,True,cit_class,50,100,5000,1|5|20,6-6,27570,simple,,2000,5000,70.4039887496804,68.57178433569916,72.33679232891107,64.40694218045834,56.43115181046795,75.00837520938023,56.604785921236186,69.08067050811944,47.94582803126704,63.80523895045831
29665,True,cit_class,50,100,10000,1|5|20,1-6,28133,simple,,2000,10000,69.87212276214834,69.53423262916772,70.21331277306605,64.88850853420816,57.28196088306892,74.82456140350877,58.796508957280665,68.88304233436978,51.28661739827264,64.51904675121239
29665,True,cit_class,50,100,10000,1|5|20,2-6,27353,simple,,2000,10000,70.15998445495174,69.01121304791029,71.34764853115531,65.14179360336975,57.18954248366013,75.66276026851747,58.39787798408488,69.87431763361685,50.15948236580699,64.56655201413545
29665,True,cit_class,50,100,10000,1|5|20,3-6,28393,simple,,2000,10000,70.60716717212354,69.44241538836134,71.81165806370389,65.3450533009164,57.124172320771684,76.32987438558165,58.0739046827088,70.31210672036245,49.46436476316954,64.67537505191625
29665,True,cit_class,50,100,10000,1|5|20,4-6,27378,simple,,2000,10000,70.02701456150756,69.65526281295058,70.40275569687334,65.29193026512775,57.31242051716829,75.8527827648115,58.61593895718525,69.53733970329394,50.65946143982414,64.64496126127351
29665,True,cit_class,50,100,10000,1|5|20,5-6,28125,simple,,2000,10000,70.36207540126914,70.00495172072296,70.72286143071535,65.50280658357912,57.69714237827872,75.75090769061504,58.275033935470404,68.7823514912497,50.55253623188406,64.71330530677288
29665,True,cit_class,50,100,10000,1|5|20,6-6,27570,simple,,2000,10000,70.05175915612921,69.88235294117648,70.22198870353343,64.77830143310571,56.8882506968494,75.20938023450586,58.36608499711786,68.91473827496597,50.61806944191966,64.39871519545092
29665,True,cit_class,50,100,50000,1|5|20,1-6,28133,simple,,2000,50000,70.3030303030303,70.54865424430642,70.05911076844,65.74013618132638,57.198506735919494,77.28070175438596,59.23164543854198,70.76580477545465,50.930460333006856,65.09160397429956
29665,True,cit_class,50,100,50000,1|5|20,2-6,27353,simple,,2000,50000,71.4584969887405,71.02147039687704,71.9009353181399,66.22586872586874,57.50565753080211,78.06348845147343,59.33725280598611,71.74615484037741,50.5878064339743,65.67387284019846
29665,True,cit_class,50,100,50000,1|5|20,3-6,28393,simple,,2000,50000,71.30008176614882,71.24183006535948,71.35842880523732,65.79780643384883,56.73472617917062,78.30693610049153,58.368244658567235,71.43955903089348,49.34041611332448,65.15537761952163
29665,True,cit_class,50,100,50000,1|5|20,4-6,27378,simple,,2000,50000,70.77801380775358,70.9286854709952,70.62798092209857,66.33260849012008,57.310896912269236,78.72531418312387,58.71183514942281,71.41732283464567,49.84429382670819,65.27415248243216
29665,True,cit_class,50,100,50000,1|5|20,5-6,28125,simple,,2000,50000,70.7628451040815,71.17014547754586,70.36018009004502,66.54840817850808,57.796156652882516,78.42446913851909,58.42447297511492,70.10270064663369,50.08152173913043,65.2452420859015
29665,True,cit_class,50,100,50000,1|5|20,6-6,27570,simple,,2000,50000,71.08760330578512,71.56549520766772,70.61605149087087,65.87834641944944,57.14285714285714,77.76661083193747,58.87776188205373,70.58823529411765,50.499909107435016,65.28123720242944
